  #     beta     phi_d     phi_m   phi_m_small     phi_m_smoomth_x     phi_m_smoomth_y     phi_m_smoomth_z      phi
   1 8.7297e+04 1.1940e+03 3.7100e-04 9.3018e-06 5.4023e-07 1.5540e-06  0.0000e+00  1.8681e+04
   2 1.4228e+05 9.9237e+02 1.3722e-05 1.2781e-05 1.4870e-06 3.3436e-06  0.0000e+00  1.1949e+03
   3 2.3794e+05 9.2949e+02 2.0538e-05 1.6390e-05 2.6960e-06 5.2982e-06  0.0000e+00  9.9487e+02
   4 4.0367e+05 8.9739e+02 2.4860e-05 1.6970e-05 3.4294e-06 6.3166e-06  0.0000e+00  9.3529e+02
   5 6.9283e+05 8.7248e+02 2.8602e-05 1.8877e-05 4.6839e-06 8.2833e-06  0.0000e+00  9.0817e+02
   6 1.2255e+06 8.1295e+02 4.2425e-05 2.1961e-05 8.6514e-06 1.5046e-05  0.0000e+00  8.9454e+02
   7 2.2050e+06 7.8194e+02 4.2742e-05 1.9804e-05 8.4025e-06 1.4348e-05  0.0000e+00  8.6890e+02
   8 4.0230e+06 7.5803e+02 4.2718e-05 1.9501e-05 8.9142e-06 1.4340e-05  0.0000e+00  8.7577e+02
   9 7.4618e+06 7.3120e+02 4.6736e-05 2.0409e-05 1.0441e-05 1.6953e-05  0.0000e+00  9.3004e+02
  10 1.3704e+07 7.4707e+02 4.4751e-05 1.9893e-05 9.7414e-06 1.5501e-05  0.0000e+00  1.0879e+03
  11 2.4411e+07 8.0002e+02 3.9122e-05 1.9035e-05 8.3429e-06 1.2479e-05  0.0000e+00  1.3656e+03
  12 4.2579e+07 8.3972e+02 3.6976e-05 1.8024e-05 7.4980e-06 1.0980e-05  0.0000e+00  1.7730e+03
  13 7.2218e+07 8.9788e+02 3.2566e-05 1.7819e-05 5.5773e-06 9.2914e-06  0.0000e+00  2.3939e+03
  14 1.1748e+08 9.9719e+02 2.8778e-05 1.6229e-05 4.9249e-06 7.7941e-06  0.0000e+00  3.2585e+03
  15 1.8548e+08 1.0799e+03 2.7716e-05 1.5835e-05 4.3372e-06 7.0992e-06  0.0000e+00  4.3980e+03
  16 2.9004e+08 1.1086e+03 2.7032e-05 1.5704e-05 4.2240e-06 7.1337e-06  0.0000e+00  6.1381e+03
  17 4.4819e+08 1.1462e+03 2.6853e-05 1.5543e-05 4.2203e-06 6.9546e-06  0.0000e+00  8.9578e+03
  18 6.8838e+08 1.1662e+03 2.6619e-05 1.5455e-05 4.2113e-06 6.8003e-06  0.0000e+00  1.3121e+04
  19 1.0542e+09 1.1760e+03 2.6338e-05 1.5247e-05 4.2764e-06 6.9411e-06  0.0000e+00  1.9386e+04
  20 1.6228e+09 1.1589e+03 2.6421e-05 1.5042e-05 4.3002e-06 6.9915e-06  0.0000e+00  2.9076e+04
  21 2.5086e+09 1.1450e+03 2.6289e-05 1.4980e-05 4.2416e-06 6.9259e-06  0.0000e+00  4.3893e+04
  22 3.8687e+09 1.1528e+03 2.6100e-05 1.4987e-05 4.2384e-06 6.8112e-06  0.0000e+00  6.6739e+04
  23 5.9280e+09 1.1742e+03 2.5986e-05 1.4940e-05 4.3037e-06 6.9363e-06  0.0000e+00  1.0188e+05
  24 9.1322e+09 1.1563e+03 2.6159e-05 1.4868e-05 4.2553e-06 6.9280e-06  0.0000e+00  1.5637e+05
  25 1.4126e+10 1.1430e+03 2.6034e-05 1.4810e-05 4.2147e-06 6.9096e-06  0.0000e+00  2.3906e+05
  26 2.1809e+10 1.1491e+03 2.5911e-05 1.4791e-05 4.2187e-06 6.9310e-06  0.0000e+00  3.6748e+05
  27 3.3691e+10 1.1472e+03 2.5926e-05 1.4721e-05 4.2327e-06 6.9482e-06  0.0000e+00  5.6688e+05
  28 5.2029e+10 1.1482e+03 2.5890e-05 1.4757e-05 4.2257e-06 6.9392e-06  0.0000e+00  8.7380e+05
  29 8.0414e+10 1.1456e+03 2.5911e-05 1.4770e-05 4.2107e-06 6.9316e-06  0.0000e+00  1.3498e+06
  30 1.2403e+11 1.1524e+03 2.5899e-05 1.4742e-05 4.2124e-06 6.9560e-06  0.0000e+00  2.0848e+06
